0.00 0.00
0.05 0.00
0.10 0.24
0.15 1.12
0.20 2.88
0.25 5.55
0.30 8.94
0.35 12.74
0.40 16.59
0.45 20.19
0.50 23.35
0.55 26.03
0.60 28.26
0.65 30.11
0.70 31.69
0.75 33.05
0.80 34.25
0.85 35.33
0.90 36.30
0.95 37.19
1.00 38.00
1.05 38.75
1.10 39.44
1.15 40.08
1.20 40.67
1.25 41.22
1.30 41.73
1.35 42.21
1.40 42.65
1.45 43.07
1.50 43.46
1.55 43.82
1.60 44.16
1.65 44.48
1.70 44.78
1.75 45.07
1.80 45.33
1.85 45.58
1.90 45.82
1.95 46.04
2.00 46.25
2.05 46.45
2.10 46.63
2.15 46.81
2.20 46.97
2.25 47.13
2.30 47.28
2.35 47.42
2.40 47.55
2.45 47.68
2.50 47.80
2.55 47.91
2.60 48.02
2.65 48.12
2.70 48.21
2.75 48.30
2.80 48.39
2.85 48.47
2.90 48.55
2.95 48.62
3.00 48.69
3.05 48.75
3.10 48.82
3.15 48.88
3.20 48.93
3.25 48.98
3.30 49.04
3.35 49.08
3.40 49.13
3.45 49.17
3.50 49.21
3.55 49.25
3.60 49.29
3.65 49.32
3.70 49.36
3.75 49.39
3.80 49.42
3.85 49.45
3.90 49.48
3.95 49.50
4.00 49.53
4.05 49.55
4.10 49.57
4.15 49.59
4.20 49.61
4.25 49.63
4.30 49.65
4.35 49.67
4.40 49.68
4.45 49.70
4.50 49.71
4.55 49.73
4.60 49.74
4.65 49.75
4.70 49.77
4.75 49.78
4.80 49.79
4.85 49.80
4.90 49.81
4.95 49.82
5.00 49.83
5.05 49.84
5.10 49.84
5.15 49.85
5.20 49.86
5.25 49.87
5.30 49.87
5.35 49.88
5.40 49.88
5.45 49.89
5.50 49.90
5.55 49.90
5.60 49.91
5.65 49.91
5.70 49.91
5.75 49.92
5.80 49.92
5.85 49.93
5.90 49.93
5.95 49.93
6.00 49.94
6.05 49.94
6.10 49.94
6.15 49.95
6.20 49.95
6.25 49.95
6.30 49.95
6.35 49.96
6.40 49.96
6.45 49.96
6.50 49.96
6.55 49.96
6.60 49.97
6.65 49.97
6.70 49.97
6.75 49.97
6.80 49.97
6.85 49.97
6.90 49.97
6.95 49.98
7.00 49.98
7.05 49.98
7.10 49.98
7.15 49.98
7.20 49.98
7.25 49.98
7.30 49.98
7.35 49.98
7.40 49.98
7.45 49.99
7.50 49.99
7.55 49.99
7.60 49.99
7.65 49.99
7.70 49.99
7.75 49.99
7.80 49.99
7.85 49.99
7.90 49.99
7.95 49.99
8.00 49.99
8.05 49.99
8.10 49.99
8.15 49.99
8.20 49.99
8.25 49.99
8.30 49.99
8.35 49.99
8.40 49.99
8.45 49.99
8.50 49.99
8.55 50.00
8.60 50.00
8.65 50.00
8.70 50.00
8.75 50.00
8.80 50.00
8.85 50.00
8.90 50.00
8.95 50.00
9.00 50.00
9.05 50.00
9.10 50.00
9.15 50.00
9.20 50.00
9.25 50.00
9.30 50.00
9.35 50.00
9.40 50.00
9.45 50.00
9.50 50.00
9.55 50.00
9.60 50.00
9.65 50.00
9.70 50.00
9.75 50.00
9.80 50.00
9.85 50.00
9.90 50.00
9.95 50.00
