0.000 0.000
0.050 0.476
0.100 2.237
0.150 5.763
0.200 11.100
0.250 17.888
0.300 25.485
0.350 33.178
0.400 40.372
0.450 46.703
0.500 52.060
0.550 56.513
0.600 60.225
0.650 63.370
0.700 66.094
0.750 68.500
0.800 70.655
0.850 72.605
0.900 74.382
0.950 76.010
1.000 77.506
1.050 78.886
1.100 80.162
1.150 81.345
1.200 82.443
1.250 83.466
1.300 84.418
1.350 85.307
1.400 86.138
1.450 86.915
1.500 87.643
1.550 88.326
1.600 88.966
1.650 89.567
1.700 90.132
1.750 90.664
1.800 91.164
1.850 91.635
1.900 92.079
1.950 92.497
2.000 92.892
2.050 93.264
2.100 93.616
2.150 93.948
2.200 94.262
2.250 94.558
2.300 94.839
2.350 95.104
2.400 95.355
2.450 95.592
2.500 95.817
2.550 96.030
2.600 96.232
2.650 96.423
2.700 96.603
2.750 96.775
2.800 96.937
2.850 97.092
2.900 97.238
2.950 97.376
3.000 97.508
3.050 97.632
3.100 97.751
3.150 97.863
3.200 97.969
3.250 98.070
3.300 98.166
3.350 98.258
3.400 98.344
3.450 98.426
3.500 98.504
3.550 98.578
3.600 98.649
3.650 98.715
3.700 98.779
3.750 98.839
3.800 98.896
3.850 98.951
3.900 99.003
3.950 99.052
4.000 99.098
4.050 99.143
4.100 99.185
4.150 99.225
4.200 99.263
4.250 99.299
4.300 99.334
4.350 99.367
4.400 99.398
4.450 99.427
4.500 99.455
4.550 99.482
4.600 99.507
4.650 99.532
4.700 99.554
4.750 99.576
4.800 99.597
4.850 99.617
4.900 99.636
4.950 99.653
5.000 99.670
5.050 99.686
5.100 99.702
5.150 99.716
5.200 99.730
5.250 99.743
5.300 99.756
5.350 99.768
5.400 99.779
5.450 99.790
5.500 99.800
5.550 99.810
5.600 99.819
5.650 99.828
5.700 99.837
5.750 99.845
5.800 99.852
5.850 99.859
5.900 99.866
5.950 99.873
6.000 99.879
6.050 99.885
6.100 99.891
6.150 99.896
6.200 99.901
6.250 99.906
6.300 99.910
6.350 99.915
6.400 99.919
6.450 99.923
6.500 99.927
6.550 99.930
6.600 99.934
6.650 99.937
6.700 99.940
6.750 99.943
6.800 99.946
6.850 99.948
6.900 99.951
6.950 99.953
7.000 99.956
7.050 99.958
7.100 99.960
7.150 99.962
7.200 99.964
7.250 99.965
7.300 99.967
7.350 99.969
7.400 99.970
7.450 99.972
7.500 99.973
7.550 99.974
7.600 99.976
7.650 99.977
7.700 99.978
7.750 99.979
7.800 99.980
7.850 99.981
7.900 99.982
7.950 99.983
8.000 99.984
0.000 99.984
0.050 95.107
0.100 86.101
0.150 74.378
0.200 61.737
0.250 49.953
0.300 40.368
0.350 33.647
0.400 29.766
0.450 28.202
0.500 28.221
0.550 29.129
0.600 30.413
0.650 31.774
0.700 33.069
0.750 34.254
0.800 35.328
0.850 36.303
0.900 37.191
0.950 38.005
1.000 38.753
1.050 39.443
1.100 40.081
1.150 40.672
1.200 41.222
1.250 41.733
1.300 42.209
1.350 42.654
1.400 43.069
1.450 43.458
1.500 43.822
1.550 44.163
1.600 44.483
1.650 44.784
1.700 45.066
1.750 45.332
1.800 45.582
1.850 45.818
1.900 46.039
1.950 46.249
2.000 46.446
2.050 46.632
2.100 46.808
2.150 46.974
2.200 47.131
2.250 47.279
2.300 47.419
2.350 47.552
2.400 47.677
2.450 47.796
2.500 47.909
2.550 48.015
2.600 48.116
2.650 48.211
2.700 48.302
2.750 48.387
2.800 48.469
2.850 48.546
2.900 48.619
2.950 48.688
3.000 48.754
3.050 48.816
3.100 48.875
3.150 48.931
3.200 48.985
3.250 49.035
3.300 49.083
3.350 49.129
3.400 49.172
3.450 49.213
3.500 49.252
3.550 49.289
3.600 49.324
3.650 49.358
3.700 49.389
3.750 49.420
3.800 49.448
3.850 49.475
3.900 49.501
3.950 49.526
4.000 49.549
4.050 49.571
4.100 49.592
4.150 49.613
4.200 49.632
4.250 49.650
4.300 49.667
4.350 49.683
4.400 49.699
4.450 49.714
4.500 49.728
4.550 49.741
4.600 49.754
4.650 49.766
4.700 49.777
4.750 49.788
4.800 49.799
4.850 49.808
4.900 49.818
4.950 49.827
5.000 49.835
5.050 49.843
5.100 49.851
5.150 49.858
5.200 49.865
5.250 49.872
5.300 49.878
5.350 49.884
5.400 49.890
5.450 49.895
5.500 49.900
5.550 49.905
5.600 49.910
5.650 49.914
5.700 49.918
5.750 49.922
5.800 49.926
5.850 49.930
5.900 49.933
5.950 49.936
6.000 49.940
6.050 49.942
6.100 49.945
6.150 49.948
6.200 49.950
6.250 49.953
6.300 49.955
6.350 49.957
6.400 49.959
6.450 49.961
6.500 49.963
6.550 49.965
6.600 49.967
6.650 49.968
6.700 49.970
6.750 49.971
6.800 49.973
6.850 49.974
6.900 49.975
6.950 49.977
7.000 49.978
7.050 49.979
7.100 49.980
7.150 49.981
7.200 49.982
7.250 49.983
7.300 49.984
7.350 49.984
7.400 49.985
7.450 49.986
7.500 49.987
7.550 49.987
7.600 49.988
7.650 49.988
7.700 49.989
7.750 49.989
7.800 49.990
7.850 49.990
7.900 49.991
7.950 49.991
8.000 49.992
